1951 12958
1952 13938
1953 14268
1954 15062
1955 15632
1956 16454
1957 16708
1958 16952
1959 16956
1960 17523
1961 16827
1962 17383
1963 17516
1964 17238
1965 17308
1966 16719
1967 16756
1968 17020
1969 16041
1970 17572
1971 15836
1972 15762
1973 14952
1974 15312
1975 14742
1976 14715
1977 14392
1978 14593
1979 14333
1980 15477
1981 13449
1982 13167
1983 13079
1984 13150
1985 13135
1986 12521
1987 12420
1988 12484
1989 13039
1990 13930
1991 12537
1992 12614
1993 12943
1994 13464
1995 14402
1996 14792
1997 15195
1998 16031
1999 16261
2000 18514
2001 17813
2002 18367
2003 19226
2004 20278
2005 21323
2006 21465
