1951 12958
1952 13938
1953 14268
1954 15062
1955 15632
1956 16454
1957 16708
1958 16952
1959 16956
1960 17523
1961 16827
1962 17383
1963 17516
1964 17238
1965 17308
1966 16719
1967 16756
1968 17020
1969 16041
1970 17572
1971 15836
1972 15762
1973 14952
1974 15312
1975 14742
1976 14715
1977 14392
1978 14593
1979 14333
1980 15477
1981 13449
1982 13167
1983 13079
1984 13413
1985 13670
1986 13302
1987 13475
1988 13838
1989 14774
1990 16141
1991 14864
1992 15310
1993 16092
1994 17157
1995 18822
1996 19839
1997 20928
1998 22691
1999 23672
2000 27741
2001 27498
2002 29236
2003 31587
2004 33797
2005 35539
2006 35775
